0 93
1 523
2 189
3 163
4 397
5 242
6 125
7 358
8 380
9 543
10 304
11 492
12 12
13 72
14 338
15 206
16 444
17 525
18 104
19 52
20 283
21 400
22 137
23 240
24 154
25 567
26 305
27 425
28 172
29 70
30 371
31 501
32 263
33 479
34 342
35 112
36 547
37 43
38 21
39 132
40 404
41 213
42 151
43 322
44 94
45 2
46 442
47 194
48 248
49 76
50 351
51 569
52 370
53 301
54 27
55 512
56 44
57 395
58 275
59 175
60 464
61 92
62 229
63 130
64 541
65 430
66 412
67 352
68 191
69 376
70 490
71 291
72 31
73 69
74 559
75 251
76 330
77 461
78 152
79 6
80 129
81 87
82 437
83 405
84 535
85 171
86 205
87 480
88 510
89 300
90 39
91 568
92 328
93 458
94 237
95 383
96 110
97 13
98 155
99 80
100 440
101 410
102 284
103 491
104 527
105 255
106 176
107 136
108 302
109 57
110 211
111 551
112 37
113 118
114 99
115 160
116 331
117 457
118 10
119 74
120 231
121 256
122 393
123 498
124 427
125 312
126 53
127 200
128 546
129 518
130 482
131 135
132 353
133 445
134 336
135 35
136 18
137 170
138 562
139 271
140 78
141 227
142 396
143 299
144 415
145 119
146 474
147 243
148 533
149 96
150 323
151 48
152 199
153 357
154 379
155 20
156 68
157 339
158 511
159 182
160 452
161 133
162 218
163 280
164 550
165 414
166 436
167 86
168 307
169 361
170 468
171 486
172 392
173 47
174 247
175 22
176 164
177 127
178 516
179 289
180 549
181 266
182 420
183 105
184 144
185 450
186 337
187 202
188 88
189 481
190 311
191 226
192 575
193 394
194 59
195 517
196 24
197 293
198 261
199 245
200 113
201 158
202 277
203 207
204 359
205 82
206 496
207 180
208 560
209 391
210 319
211 529
212 416
213 462
214 55
215 11
216 101
217 241
218 223
219 343
220 140
221 294
222 505
223 438
224 372
225 85
226 181
227 522
228 29
229 124
230 417
231 260
232 9
233 557
234 65
235 204
236 470
237 327
238 278
239 45
240 224
241 449
242 502
243 310
244 178
245 363
246 90
247 524
248 5
249 544
250 250
251 63
252 128
253 399
254 471
255 270
256 432
257 220
258 161
259 36
260 497
261 332
262 453
263 360
264 381
265 102
266 79
267 62
268 253
269 565
270 403
271 303
272 141
273 1
274 286
275 197
276 173
277 495
278 520
279 349
280 369
281 30
282 84
283 443
284 386
285 564
286 423
287 538
288 313
289 406
290 329
291 267
292 467
293 120
294 236
295 179
296 365
297 507
298 67
299 153
300 38
301 210
302 570
303 528
304 441
305 287
306 3
307 326
308 409
309 19
310 466
311 483
312 184
313 126
314 83
315 148
316 552
317 384
318 344
319 166
320 219
321 530
322 500
323 269
324 295
325 411
326 56
327 316
328 573
329 454
330 23
331 434
332 89
333 387
334 186
335 354
336 73
337 149
338 115
339 268
340 333
341 513
342 548
343 297
344 572
345 203
346 472
347 314
348 249
349 0
350 222
351 388
352 34
353 451
354 100
355 433
356 117
357 532
358 279
359 348
360 561
361 192
362 489
363 165
364 407
365 366
366 508
367 66
368 212
369 459
370 91
371 142
372 32
373 428
374 324
375 108
376 292
377 346
378 382
379 540
380 476
381 49
382 493
383 398
384 230
385 252
386 195
387 456
388 77
389 4
390 25
391 421
392 556
393 350
394 107
395 143
396 214
397 531
398 494
399 401
400 514
401 475
402 272
403 234
404 309
405 373
406 183
407 16
408 162
409 563
410 95
411 254
412 42
413 335
414 145
415 542
416 122
417 478
418 215
419 355
420 71
421 235
422 190
423 448
424 374
425 315
426 431
427 259
428 288
429 334
430 97
431 147
432 574
433 114
434 477
435 509
436 174
437 217
438 8
439 390
440 60
441 555
442 306
443 435
444 276
445 347
446 526
447 367
448 150
449 116
450 246
451 418
452 28
453 503
454 208
455 385
456 46
457 225
458 473
459 168
460 545
461 455
462 98
463 188
464 368
465 340
466 146
467 7
468 258
469 64
470 320
471 282
472 504
473 216
474 566
475 429
476 123
477 537
478 465
479 238
480 356
481 484
482 446
483 41
484 193
485 264
486 177
487 298
488 75
489 221
490 281
491 58
492 106
493 321
494 139
495 402
496 239
497 364
498 487
499 17
500 534
501 345
502 424
503 159
504 463
505 81
506 447
507 296
508 558
509 40
510 515
511 198
512 408
513 317
514 265
515 14
516 109
517 539
518 377
519 485
520 169
521 341
522 61
523 469
524 244
525 571
526 506
527 196
528 228
529 318
530 413
531 134
532 262
533 536
534 389
535 553
536 26
537 285
538 111
539 54
540 157
541 460
542 488
543 209
544 362
545 185
546 325
547 426
548 131
549 519
550 308
551 378
552 33
553 257
554 103
555 233
556 167
557 51
558 273
559 201
560 554
561 15
562 499
563 422
564 290
565 439
566 121
567 375
568 521
569 138
570 419
571 232
572 156
573 50
574 274
575 187
