0 243
1 532
2 385
3 440
4 93
5 208
6 416
7 556
8 135
9 460
10 112
11 304
12 346
13 30
14 74
15 498
16 479
17 165
18 287
19 270
20 325
21 193
22 377
23 2
24 137
25 520
26 568
27 449
28 418
29 98
30 213
31 244
32 344
33 79
34 480
35 262
36 301
37 544
38 42
39 320
40 371
41 527
42 178
43 118
44 390
45 444
46 564
47 232
48 408
49 75
50 477
51 199
52 249
53 150
54 29
55 273
56 503
57 335
58 367
59 1
60 311
61 389
62 566
63 441
64 104
65 172
66 525
67 60
68 255
69 481
70 218
71 86
72 422
73 138
74 347
75 191
76 372
77 155
78 293
79 14
80 562
81 174
82 505
83 323
84 266
85 438
86 234
87 55
88 396
89 478
90 128
91 458
92 105
93 364
94 217
95 9
96 38
97 149
98 530
99 417
100 261
101 166
102 295
103 565
104 326
105 238
106 348
107 457
108 81
109 101
110 220
111 388
112 497
113 36
114 144
115 123
116 15
117 412
118 513
119 277
120 183
121 161
122 299
123 451
124 56
125 106
126 334
127 350
128 236
129 546
130 490
131 469
132 21
133 431
134 529
135 3
136 209
137 151
138 297
139 188
140 47
141 314
142 83
143 352
144 259
145 548
146 509
147 400
148 121
149 100
150 239
151 63
152 420
153 452
154 153
155 283
156 374
157 206
158 484
159 310
160 19
161 357
162 265
163 574
164 404
165 538
166 99
167 468
168 50
169 245
170 171
171 289
172 380
173 211
174 432
175 485
176 317
177 343
178 115
179 361
180 10
181 542
182 85
183 131
184 402
185 237
186 526
187 177
188 563
189 48
190 214
191 459
192 321
193 272
194 254
195 508
196 382
197 194
198 302
199 424
200 66
201 116
202 362
203 22
204 476
205 405
206 547
207 231
208 450
209 524
210 263
211 318
212 6
213 339
214 197
215 90
216 291
217 68
218 168
219 433
220 472
221 125
222 46
223 551
224 363
225 143
226 248
227 271
228 415
229 531
230 186
231 332
232 94
233 313
234 290
235 504
236 62
237 436
238 0
239 392
240 40
241 119
242 224
243 368
244 246
245 455
246 414
247 187
248 482
249 349
250 572
251 294
252 140
253 167
254 72
255 13
256 554
257 521
258 92
259 435
260 247
261 537
262 269
263 369
264 122
265 54
266 204
267 228
268 570
269 37
270 76
271 495
272 391
273 156
274 466
275 176
276 519
277 345
278 139
279 250
280 553
281 413
282 195
283 11
284 222
285 34
286 569
287 285
288 67
289 91
290 375
291 307
292 474
293 516
294 108
295 129
296 355
297 492
298 264
299 550
300 175
301 158
302 51
303 534
304 24
305 406
306 221
307 282
308 336
309 573
310 306
311 434
312 78
313 517
314 192
315 493
316 358
317 456
318 145
319 539
320 49
321 27
322 403
323 215
324 324
325 169
326 376
327 109
328 258
329 4
330 73
331 421
332 274
333 483
334 571
335 510
336 242
337 190
338 399
339 147
340 330
341 453
342 292
343 111
344 26
345 545
346 69
347 427
348 52
349 308
350 276
351 514
352 379
353 5
354 411
355 170
356 260
357 463
358 337
359 142
360 95
361 535
362 189
363 226
364 560
365 437
366 59
367 354
368 113
369 395
370 210
371 316
372 501
373 41
374 373
375 462
376 16
377 522
378 256
379 87
380 227
381 134
382 160
383 341
384 61
385 117
386 541
387 203
388 300
389 409
390 446
391 575
392 559
393 393
394 279
395 489
396 182
397 77
398 506
399 359
400 96
401 471
402 32
403 523
404 328
405 126
406 7
407 454
408 241
409 164
410 552
411 286
412 57
413 426
414 487
415 397
416 198
417 312
418 148
419 84
420 103
421 340
422 528
423 18
424 268
425 132
426 233
427 561
428 44
429 461
430 65
431 288
432 202
433 365
434 407
435 162
436 305
437 110
438 331
439 185
440 543
441 136
442 496
443 23
444 381
445 467
446 45
447 448
448 216
449 278
450 88
451 425
452 296
453 107
454 159
455 184
456 257
457 124
458 491
459 511
460 555
461 28
462 53
463 356
464 230
465 212
466 329
467 71
468 384
469 439
470 423
471 154
472 298
473 464
474 180
475 518
476 251
477 102
478 43
479 500
480 8
481 351
482 315
483 567
484 398
485 225
486 196
487 333
488 445
489 428
490 152
491 267
492 127
493 540
494 179
495 25
496 512
497 80
498 488
499 309
500 465
501 410
502 240
503 386
504 97
505 201
506 557
507 429
508 130
509 327
510 114
511 536
512 173
513 370
514 35
515 70
516 515
517 303
518 253
519 494
520 473
521 200
522 401
523 284
524 353
525 442
526 223
527 419
528 163
529 17
530 141
531 89
532 181
533 533
534 322
535 507
536 383
537 33
538 470
539 280
540 486
541 207
542 360
543 549
544 157
545 235
546 447
547 338
548 12
549 133
550 319
551 430
552 64
553 31
554 394
555 502
556 378
557 219
558 82
559 275
560 558
561 252
562 475
563 342
564 281
565 120
566 146
567 443
568 58
569 39
570 20
571 499
572 366
573 229
574 387
575 205
